epi_week;date;country;state;city;ibgeID;cod_RegiaoDeSaude;name_RegiaoDeSaude;newDeaths;deaths;newCases;totalCases;deaths_per_100k_inhabitants;totalCases_per_100k_inhabitants;deaths_by_totalCases;_source;last_info_date
12;16/03/2020;Brazil;CE;Fortaleza/CE;2304400;23001;1ª Região Fortaleza;0;0;8;8;0;0,2997;0;SES;25/07/2020
12;17/03/2020;Brazil;CE;Fortaleza/CE;2304400;23001;1ª Região Fortaleza;0;0;1;9;0;0,33716;0;SES;25/07/2020
12;18/03/2020;Brazil;CE;Fortaleza/CE;2304400;23001;1ª Região Fortaleza;0;0;8;17;0;0,63686;0;SES;25/07/2020
12;19/03/2020;Brazil;CE;Fortaleza/CE;2304400;23001;1ª Região Fortaleza;0;0;0;17;0;0,63686;0;SES;25/07/2020
12;20/03/2020;Brazil;CE;Fortaleza/CE;2304400;23001;1ª Região Fortaleza;0;0;46;63;0;2,36013;0;SES;25/07/2020
12;21/03/2020;Brazil;CE;Fortaleza/CE;2304400;23001;1ª Região Fortaleza;0;0;13;76;0;2,84714;0;SES;25/07/2020
13;22/03/2020;Brazil;CE;Fortaleza/CE;2304400;23001;1ª Região Fortaleza;0;0;40;116;0;4,34564;0;SES;25/07/2020
13;23/03/2020;Brazil;CE;Fortaleza/CE;2304400;23001;1ª Região Fortaleza;0;0;35;151;0;5,65682;0;SES;25/07/2020
13;24/03/2020;Brazil;CE;Fortaleza/CE;2304400;23001;1ª Região Fortaleza;0;0;19;170;0;6,36861;0;SES;25/07/2020
13;25/03/2020;Brazil;CE;Fortaleza/CE;2304400;23001;1ª Região Fortaleza;0;0;26;196;0;7,34263;0;SES;25/07/2020
13;26/03/2020;Brazil;CE;Fortaleza/CE;2304400;23001;1ª Região Fortaleza;3;3;28;224;0,11239;8,39158;0,01339;SES;25/07/2020
13;27/03/2020;Brazil;CE;Fortaleza/CE;2304400;23001;1ª Região Fortaleza;0;3;44;268;0,11239;10,03993;0,01119;SES;25/07/2020
13;28/03/2020;Brazil;CE;Fortaleza/CE;2304400;23001;1ª Região Fortaleza;1;4;36;304;0,14985;11,38857;0,01316;SES;25/07/2020
14;29/03/2020;Brazil;CE;Fortaleza/CE;2304400;23001;1ª Região Fortaleza;1;5;34;338;0,18731;12,6623;0,01479;SES;25/07/2020
14;30/03/2020;Brazil;CE;Fortaleza/CE;2304400;23001;1ª Região Fortaleza;0;5;15;353;0,18731;13,22423;0,01416;SES;25/07/2020
14;31/03/2020;Brazil;CE;Fortaleza/CE;2304400;23001;1ª Região Fortaleza;1;6;18;371;0,22477;13,89856;0,01617;SES;25/07/2020
14;01/04/2020;Brazil;CE;Fortaleza/CE;2304400;23001;1ª Região Fortaleza;0;6;42;413;0,22477;15,47198;0,01453;SES;25/07/2020
14;02/04/2020;Brazil;CE;Fortaleza/CE;2304400;23001;1ª Região Fortaleza;-6;0;113;526;0;19,70523;0;SES;25/07/2020
14;03/04/2020;Brazil;CE;Fortaleza/CE;2304400;23001;1ª Região Fortaleza;17;17;74;600;0,63686;22,47745;0,02833;SES;25/07/2020
14;04/04/2020;Brazil;CE;Fortaleza/CE;2304400;23001;1ª Região Fortaleza;1;18;81;681;0,67432;25,51191;0,02643;SES;25/07/2020
15;05/04/2020;Brazil;CE;Fortaleza/CE;2304400;23001;1ª Região Fortaleza;8;26;188;869;0,97402;32,55484;0,02992;SES;25/07/2020
15;06/04/2020;Brazil;CE;Fortaleza/CE;2304400;23001;1ª Região Fortaleza;1;27;60;929;1,01149;34,80258;0,02906;SES;25/07/2020
15;07/04/2020;Brazil;CE;Fortaleza/CE;2304400;23001;1ª Região Fortaleza;3;30;124;1053;1,12387;39,44792;0,02849;SES;25/07/2020
15;08/04/2020;Brazil;CE;Fortaleza/CE;2304400;23001;1ª Região Fortaleza;15;45;185;1238;1,68581;46,37847;0,03635;SES;25/07/2020
15;09/04/2020;Brazil;CE;Fortaleza/CE;2304400;23001;1ª Região Fortaleza;0;45;45;1283;1,68581;48,06428;0,03507;SES;25/07/2020
15;10/04/2020;Brazil;CE;Fortaleza/CE;2304400;23001;1ª Região Fortaleza;8;53;83;1366;1,98551;51,17366;0,0388;SES;25/07/2020
15;11/04/2020;Brazil;CE;Fortaleza/CE;2304400;23001;1ª Região Fortaleza;5;58;91;1457;2,17282;54,58274;0,03981;SES;25/07/2020
16;12/04/2020;Brazil;CE;Fortaleza/CE;2304400;23001;1ª Região Fortaleza;1;59;72;1529;2,21028;57,28003;0,03859;SES;25/07/2020
16;13/04/2020;Brazil;CE;Fortaleza/CE;2304400;23001;1ª Região Fortaleza;19;78;157;1686;2,92207;63,16163;0,04626;SES;25/07/2020
16;14/04/2020;Brazil;CE;Fortaleza/CE;2304400;23001;1ª Região Fortaleza;8;86;108;1794;3,22177;67,20757;0,04794;SES;25/07/2020
16;15/04/2020;Brazil;CE;Fortaleza/CE;2304400;23001;1ª Região Fortaleza;7;93;152;1946;3,484;72,90186;0,04779;SES;25/07/2020
16;16/04/2020;Brazil;CE;Fortaleza/CE;2304400;23001;1ª Região Fortaleza;2;95;95;2041;3,55893;76,46079;0,04655;SES;25/07/2020
16;17/04/2020;Brazil;CE;Fortaleza/CE;2304400;23001;1ª Região Fortaleza;24;119;259;2300;4,45803;86,16356;0,05174;SES;25/07/2020
16;18/04/2020;Brazil;CE;Fortaleza/CE;2304400;23001;1ª Região Fortaleza;22;141;262;2562;5,2822;95,97871;0,05504;SES;25/07/2020
17;19/04/2020;Brazil;CE;Fortaleza/CE;2304400;23001;1ª Região Fortaleza;7;148;126;2688;5,54444;100,69897;0,05506;SES;25/07/2020
17;20/04/2020;Brazil;CE;Fortaleza/CE;2304400;23001;1ª Região Fortaleza;16;164;152;2840;6,14384;106,39326;0,05775;SES;25/07/2020
17;21/04/2020;Brazil;CE;Fortaleza/CE;2304400;23001;1ª Região Fortaleza;12;176;178;3018;6,59339;113,06157;0,05832;SES;25/07/2020
17;22/04/2020;Brazil;CE;Fortaleza/CE;2304400;23001;1ª Região Fortaleza;13;189;285;3303;7,0804;123,73836;0,05722;SES;25/07/2020
17;23/04/2020;Brazil;CE;Fortaleza/CE;2304400;23001;1ª Região Fortaleza;23;212;488;3791;7,94203;142,02002;0,05592;SES;25/07/2020
17;24/04/2020;Brazil;CE;Fortaleza/CE;2304400;23001;1ª Região Fortaleza;16;228;272;4063;8,54143;152,2098;0,05612;SES;25/07/2020
17;25/04/2020;Brazil;CE;Fortaleza/CE;2304400;23001;1ª Região Fortaleza;31;259;478;4541;9,70277;170,11683;0,05704;SES;25/07/2020
18;26/04/2020;Brazil;CE;Fortaleza/CE;2304400;23001;1ª Região Fortaleza;36;295;450;4991;11,05141;186,97492;0,05911;SES;25/07/2020
18;27/04/2020;Brazil;CE;Fortaleza/CE;2304400;23001;1ª Região Fortaleza;21;316;335;5326;11,83812;199,52483;0,05933;SES;25/07/2020
18;28/04/2020;Brazil;CE;Fortaleza/CE;2304400;23001;1ª Região Fortaleza;13;329;155;5481;12,32513;205,3315;0,06003;SES;25/07/2020
18;29/04/2020;Brazil;CE;Fortaleza/CE;2304400;23001;1ª Região Fortaleza;20;349;231;5712;13,07438;213,98532;0,0611;SES;25/07/2020
18;30/04/2020;Brazil;CE;Fortaleza/CE;2304400;23001;1ª Região Fortaleza;32;381;258;5970;14,27318;223,65062;0,06382;SES;25/07/2020
18;01/05/2020;Brazil;CE;Fortaleza/CE;2304400;23001;1ª Região Fortaleza;32;413;112;6082;15,47198;227,84641;0,06791;SES;25/07/2020
18;02/05/2020;Brazil;CE;Fortaleza/CE;2304400;23001;1ª Região Fortaleza;85;498;271;6353;18,65628;237,99873;0,07839;SES;25/07/2020
19;03/05/2020;Brazil;CE;Fortaleza/CE;2304400;23001;1ª Região Fortaleza;30;528;64;6417;19,78016;240,39632;0,08228;SES;25/07/2020
19;04/05/2020;Brazil;CE;Fortaleza/CE;2304400;23001;1ª Região Fortaleza;25;553;1781;8198;20,71672;307,11688;0,06746;SES;25/07/2020
19;05/05/2020;Brazil;CE;Fortaleza/CE;2304400;23001;1ª Região Fortaleza;55;608;311;8509;22,77715;318,7677;0,07145;SES;25/07/2020
19;06/05/2020;Brazil;CE;Fortaleza/CE;2304400;23001;1ª Região Fortaleza;43;651;552;9061;24,38803;339,44695;0,07185;SES;25/07/2020
19;07/05/2020;Brazil;CE;Fortaleza/CE;2304400;23001;1ª Região Fortaleza;43;694;608;9669;25,99892;362,2241;0,07178;SES;25/07/2020
19;08/05/2020;Brazil;CE;Fortaleza/CE;2304400;23001;1ª Região Fortaleza;67;761;807;10476;28,5089;392,45627;0,07264;SES;25/07/2020
19;09/05/2020;Brazil;CE;Fortaleza/CE;2304400;23001;1ª Região Fortaleza;48;809;519;10995;30,30709;411,89926;0,07358;SES;25/07/2020
20;10/05/2020;Brazil;CE;Fortaleza/CE;2304400;23001;1ª Região Fortaleza;31;840;561;11556;31,46843;432,91568;0,07269;SES;25/07/2020
20;11/05/2020;Brazil;CE;Fortaleza/CE;2304400;23001;1ª Região Fortaleza;53;893;379;11935;33,45394;447,11393;0,07482;SES;25/07/2020
20;12/05/2020;Brazil;CE;Fortaleza/CE;2304400;23001;1ª Região Fortaleza;57;950;549;12484;35,5893;467,6808;0,0761;SES;25/07/2020
20;13/05/2020;Brazil;CE;Fortaleza/CE;2304400;23001;1ª Região Fortaleza;72;1022;553;13037;38,28659;488,39752;0,07839;SES;25/07/2020
20;14/05/2020;Brazil;CE;Fortaleza/CE;2304400;23001;1ª Região Fortaleza;17;1039;740;13777;38,92345;516,1197;0,07542;SES;25/07/2020
20;15/05/2020;Brazil;CE;Fortaleza/CE;2304400;23001;1ª Região Fortaleza;98;1137;913;14690;42,59477;550,32289;0,0774;SES;25/07/2020
20;16/05/2020;Brazil;CE;Fortaleza/CE;2304400;23001;1ª Região Fortaleza;26;1163;472;15162;43,56879;568,00515;0,0767;SES;25/07/2020
21;17/05/2020;Brazil;CE;Fortaleza/CE;2304400;23001;1ª Região Fortaleza;11;1174;209;15371;43,98088;575,83479;0,07638;SES;25/07/2020
21;18/05/2020;Brazil;CE;Fortaleza/CE;2304400;23001;1ª Região Fortaleza;79;1253;798;16169;46,94041;605,7298;0,07749;SES;25/07/2020
21;19/05/2020;Brazil;CE;Fortaleza/CE;2304400;23001;1ª Região Fortaleza;54;1307;615;16784;48,96338;628,76919;0,07787;SES;25/07/2020
21;20/05/2020;Brazil;CE;Fortaleza/CE;2304400;23001;1ª Região Fortaleza;26;1333;1226;18010;49,9374;674,69811;0,07401;SES;25/07/2020
21;21/05/2020;Brazil;CE;Fortaleza/CE;2304400;23001;1ª Região Fortaleza;170;1503;634;18644;56,30601;698,44928;0,08062;SES;25/07/2020
21;22/05/2020;Brazil;CE;Fortaleza/CE;2304400;23001;1ª Região Fortaleza;45;1548;626;19270;57,99182;721,90075;0,08033;SES;25/07/2020
21;23/05/2020;Brazil;CE;Fortaleza/CE;2304400;23001;1ª Região Fortaleza;26;1574;282;19552;58,96584;732,46515;0,0805;SES;25/07/2020
22;24/05/2020;Brazil;CE;Fortaleza/CE;2304400;23001;1ª Região Fortaleza;5;1579;243;19795;59,15315;741,56852;0,07977;SES;25/07/2020
22;25/05/2020;Brazil;CE;Fortaleza/CE;2304400;23001;1ª Região Fortaleza;108;1687;351;20146;63,1991;754,71783;0,08374;SES;25/07/2020
22;26/05/2020;Brazil;CE;Fortaleza/CE;2304400;23001;1ª Região Fortaleza;82;1769;643;20789;66,27101;778,80616;0,08509;SES;25/07/2020
22;27/05/2020;Brazil;CE;Fortaleza/CE;2304400;23001;1ª Região Fortaleza;14;1783;150;20939;66,79549;784,42553;0,08515;SES;25/07/2020
22;28/05/2020;Brazil;CE;Fortaleza/CE;2304400;23001;1ª Região Fortaleza;21;1804;389;21328;67,5822;798,9984;0,08458;SES;25/07/2020
22;29/05/2020;Brazil;CE;Fortaleza/CE;2304400;23001;1ª Região Fortaleza;73;1877;377;21705;70,31695;813,12174;0,08648;SES;25/07/2020
22;30/05/2020;Brazil;CE;Fortaleza/CE;2304400;23001;1ª Região Fortaleza;62;1939;1673;23378;72,63962;875,79636;0,08294;SES;25/07/2020
23;31/05/2020;Brazil;CE;Fortaleza/CE;2304400;23001;1ª Região Fortaleza;28;1967;235;23613;73,68857;884,60003;0,0833;SES;25/07/2020
23;01/06/2020;Brazil;CE;Fortaleza/CE;2304400;23001;1ª Região Fortaleza;117;2084;491;24104;78,07167;902,99407;0,08646;SES;25/07/2020
23;02/06/2020;Brazil;CE;Fortaleza/CE;2304400;23001;1ª Região Fortaleza;193;2277;1240;25344;85,30192;949,44747;0,08984;SES;25/07/2020
23;03/06/2020;Brazil;CE;Fortaleza/CE;2304400;23001;1ª Região Fortaleza;57;2334;382;25726;87,43728;963,75811;0,09073;SES;25/07/2020
23;04/06/2020;Brazil;CE;Fortaleza/CE;2304400;23001;1ª Região Fortaleza;90;2424;788;26514;90,8089;993,27849;0,09142;SES;25/07/2020
23;05/06/2020;Brazil;CE;Fortaleza/CE;2304400;23001;1ª Região Fortaleza;29;2453;560;27074;91,89531;1014,25745;0,0906;SES;25/07/2020
23;06/06/2020;Brazil;CE;Fortaleza/CE;2304400;23001;1ª Região Fortaleza;6;2459;246;27320;92,12008;1023,4732;0,09001;SES;25/07/2020
24;07/06/2020;Brazil;CE;Fortaleza/CE;2304400;23001;1ª Região Fortaleza;-1;2458;91;27411;92,08262;1026,88228;0,08967;SES;25/07/2020
24;08/06/2020;Brazil;CE;Fortaleza/CE;2304400;23001;1ª Região Fortaleza;111;2569;478;27889;96,24095;1044,78932;0,09212;SES;25/07/2020
24;09/06/2020;Brazil;CE;Fortaleza/CE;2304400;23001;1ª Região Fortaleza;68;2637;661;28550;98,78839;1069,55197;0,09236;SES;25/07/2020
24;10/06/2020;Brazil;CE;Fortaleza/CE;2304400;23001;1ª Região Fortaleza;77;2714;772;29322;101,673;1098,47296;0,09256;SES;25/07/2020
24;11/06/2020;Brazil;CE;Fortaleza/CE;2304400;23001;1ª Região Fortaleza;96;2810;629;29951;105,26939;1122,03682;0,09382;SES;25/07/2020
24;12/06/2020;Brazil;CE;Fortaleza/CE;2304400;23001;1ª Região Fortaleza;38;2848;259;30210;106,69296;1131,73958;0,09427;SES;25/07/2020
24;13/06/2020;Brazil;CE;Fortaleza/CE;2304400;23001;1ª Região Fortaleza;0;2848;0;30210;106,69296;1131,73958;0,09427;SES;25/07/2020
25;14/06/2020;Brazil;CE;Fortaleza/CE;2304400;23001;1ª Região Fortaleza;6;2854;216;30426;106,91773;1139,83146;0,0938;SES;25/07/2020
25;15/06/2020;Brazil;CE;Fortaleza/CE;2304400;23001;1ª Região Fortaleza;61;2915;437;30863;109,20294;1156,20254;0,09445;SES;25/07/2020
25;16/06/2020;Brazil;CE;Fortaleza/CE;2304400;23001;1ª Região Fortaleza;91;3006;123;30986;112,61202;1160,81042;0,09701;SES;25/07/2020
25;17/06/2020;Brazil;CE;Fortaleza/CE;2304400;23001;1ª Região Fortaleza;53;3059;855;31841;114,59753;1192,84078;0,09607;SES;25/07/2020
25;18/06/2020;Brazil;CE;Fortaleza/CE;2304400;23001;1ª Região Fortaleza;28;3087;385;32226;115,64648;1207,26381;0,09579;SES;25/07/2020
25;19/06/2020;Brazil;CE;Fortaleza/CE;2304400;23001;1ª Região Fortaleza;26;3113;305;32531;116,6205;1218,68985;0,09569;SES;25/07/2020
25;20/06/2020;Brazil;CE;Fortaleza/CE;2304400;23001;1ª Região Fortaleza;-4;3109;263;32794;116,47065;1228,54246;0,0948;SES;25/07/2020
26;21/06/2020;Brazil;CE;Fortaleza/CE;2304400;23001;1ª Região Fortaleza;1;3110;60;32854;116,50811;1230,79021;0,09466;SES;25/07/2020
26;22/06/2020;Brazil;CE;Fortaleza/CE;2304400;23001;1ª Região Fortaleza;26;3136;344;33198;117,48214;1243,67728;0,09446;SES;25/07/2020
26;23/06/2020;Brazil;CE;Fortaleza/CE;2304400;23001;1ª Região Fortaleza;38;3174;557;33755;118,90571;1264,54385;0,09403;SES;25/07/2020
26;24/06/2020;Brazil;CE;Fortaleza/CE;2304400;23001;1ª Região Fortaleza;38;3212;272;34027;120,32928;1274,73362;0,0944;SES;25/07/2020
26;25/06/2020;Brazil;CE;Fortaleza/CE;2304400;23001;1ª Região Fortaleza;23;3235;421;34448;121,19092;1290,5053;0,09391;SES;25/07/2020
26;26/06/2020;Brazil;CE;Fortaleza/CE;2304400;23001;1ª Região Fortaleza;9;3244;271;34719;121,52808;1300,65762;0,09344;SES;25/07/2020
26;27/06/2020;Brazil;CE;Fortaleza/CE;2304400;23001;1ª Região Fortaleza;0;3244;273;34992;121,52808;1310,88485;0,09271;SES;25/07/2020
27;28/06/2020;Brazil;CE;Fortaleza/CE;2304400;23001;1ª Região Fortaleza;1;3245;20;35012;121,56554;1311,6341;0,09268;SES;25/07/2020
27;29/06/2020;Brazil;CE;Fortaleza/CE;2304400;23001;1ª Região Fortaleza;31;3276;69;35081;122,72687;1314,21901;0,09338;SES;25/07/2020
27;30/06/2020;Brazil;CE;Fortaleza/CE;2304400;23001;1ª Região Fortaleza;12;3288;232;35313;123,17642;1322,91029;0,09311;SES;25/07/2020
27;01/07/2020;Brazil;CE;Fortaleza/CE;2304400;23001;1ª Região Fortaleza;8;3296;302;35615;123,47612;1334,22394;0,09255;SES;25/07/2020
27;02/07/2020;Brazil;CE;Fortaleza/CE;2304400;23001;1ª Região Fortaleza;38;3334;284;35899;124,89969;1344,86327;0,09287;SES;25/07/2020
27;03/07/2020;Brazil;CE;Fortaleza/CE;2304400;23001;1ª Região Fortaleza;22;3356;373;36272;125,72387;1358,83675;0,09252;SES;25/07/2020
27;04/07/2020;Brazil;CE;Fortaleza/CE;2304400;23001;1ª Região Fortaleza;21;3377;603;36875;126,51058;1381,42658;0,09158;SES;25/07/2020
28;05/07/2020;Brazil;CE;Fortaleza/CE;2304400;23001;1ª Região Fortaleza;-2;3375;64;36939;126,43565;1383,82418;0,09137;SES;25/07/2020
28;06/07/2020;Brazil;CE;Fortaleza/CE;2304400;23001;1ª Região Fortaleza;12;3387;132;37071;126,8852;1388,76922;0,09137;SES;25/07/2020
28;07/07/2020;Brazil;CE;Fortaleza/CE;2304400;23001;1ª Região Fortaleza;11;3398;267;37338;127,29729;1398,77168;0,09101;SES;25/07/2020
28;08/07/2020;Brazil;CE;Fortaleza/CE;2304400;23001;1ª Região Fortaleza;50;3448;283;37621;129,17041;1409,37355;0,09165;SES;25/07/2020
28;09/07/2020;Brazil;CE;Fortaleza/CE;2304400;23001;1ª Região Fortaleza;17;3465;103;37724;129,80727;1413,23217;0,09185;SES;25/07/2020
28;10/07/2020;Brazil;CE;Fortaleza/CE;2304400;23001;1ª Região Fortaleza;34;3499;219;37943;131,08099;1421,43644;0,09222;SES;25/07/2020
28;11/07/2020;Brazil;CE;Fortaleza/CE;2304400;23001;1ª Região Fortaleza;-1;3498;96;38039;131,04353;1425,03284;0,09196;SES;25/07/2020
29;12/07/2020;Brazil;CE;Fortaleza/CE;2304400;23001;1ª Região Fortaleza;0;3498;88;38127;131,04353;1428,32953;0,09175;SES;25/07/2020
29;13/07/2020;Brazil;CE;Fortaleza/CE;2304400;23001;1ª Região Fortaleza;36;3534;15;38142;132,39218;1428,89146;0,09265;SES;25/07/2020
29;14/07/2020;Brazil;CE;Fortaleza/CE;2304400;23001;1ª Região Fortaleza;2;3536;226;38368;132,4671;1437,35797;0,09216;SES;25/07/2020
29;15/07/2020;Brazil;CE;Fortaleza/CE;2304400;23001;1ª Região Fortaleza;17;3553;386;38754;133,10396;1451,81846;0,09168;SES;25/07/2020
29;16/07/2020;Brazil;CE;Fortaleza/CE;2304400;23001;1ª Região Fortaleza;20;3573;115;38869;133,85321;1456,12664;0,09192;SES;25/07/2020
29;17/07/2020;Brazil;CE;Fortaleza/CE;2304400;23001;1ª Região Fortaleza;9;3582;833;39702;134,19037;1487,33283;0,09022;SES;25/07/2020
29;18/07/2020;Brazil;CE;Fortaleza/CE;2304400;23001;1ª Região Fortaleza;0;3582;0;39702;134,19037;1487,33283;0,09022;SES;25/07/2020
30;19/07/2020;Brazil;CE;Fortaleza/CE;2304400;23001;1ª Região Fortaleza;1;3583;239;39941;134,22784;1496,28635;0,08971;SES;25/07/2020
30;20/07/2020;Brazil;CE;Fortaleza/CE;2304400;23001;1ª Região Fortaleza;30;3613;-50;39891;135,35171;1494,41323;0,09057;SES;25/07/2020
30;21/07/2020;Brazil;CE;Fortaleza/CE;2304400;23001;1ª Região Fortaleza;5;3618;350;40241;135,53902;1507,52508;0,08991;SES;25/07/2020
30;22/07/2020;Brazil;CE;Fortaleza/CE;2304400;23001;1ª Região Fortaleza;-1;3617;211;40452;135,50156;1515,42965;0,08941;SES;25/07/2020
30;23/07/2020;Brazil;CE;Fortaleza/CE;2304400;23001;1ª Região Fortaleza;26;3643;231;40683;136,47558;1524,08346;0,08955;SES;25/07/2020
30;24/07/2020;Brazil;CE;Fortaleza/CE;2304400;23001;1ª Região Fortaleza;16;3659;309;40992;137,07498;1535,65935;0,08926;SES;25/07/2020
30;25/07/2020;Brazil;CE;Fortaleza/CE;2304400;23001;1ª Região Fortaleza;3;3662;158;41150;137,18737;1541,57841;0,08899;SES;25/07/2020
31;26/07/2020;Brazil;CE;Fortaleza/CE;2304400;23001;1ª Região Fortaleza;0;3662;0;41150;137,18737;1541,57841;0,08899;SES;25/07/2020
