epi_week;date;country;state;city;ibgeID;cod_RegiaoDeSaude;name_RegiaoDeSaude;newDeaths;deaths;newCases;totalCases;deaths_per_100k_inhabitants;totalCases_per_100k_inhabitants;deaths_by_totalCases;_source;last_info_date
12;20/03/2020;Brazil;MA;São Luís/MA;2111300;21016;São Luís;0;0;1;1;0;0,09075;0;SES;25/07/2020
12;21/03/2020;Brazil;MA;São Luís/MA;2111300;21016;São Luís;0;0;1;2;0;0,18151;0;SES;25/07/2020
13;22/03/2020;Brazil;MA;São Luís/MA;2111300;21016;São Luís;0;0;0;2;0;0,18151;0;SES;25/07/2020
13;23/03/2020;Brazil;MA;São Luís/MA;2111300;21016;São Luís;0;0;6;8;0;0,72603;0;SES;25/07/2020
13;24/03/2020;Brazil;MA;São Luís/MA;2111300;21016;São Luís;0;0;0;8;0;0,72603;0;SES;25/07/2020
13;25/03/2020;Brazil;MA;São Luís/MA;2111300;21016;São Luís;0;0;0;8;0;0,72603;0;SES;25/07/2020
13;26/03/2020;Brazil;MA;São Luís/MA;2111300;21016;São Luís;0;0;2;10;0;0,90754;0;SES;25/07/2020
13;27/03/2020;Brazil;MA;São Luís/MA;2111300;21016;São Luís;0;0;3;13;0;1,1798;0;SES;25/07/2020
13;28/03/2020;Brazil;MA;São Luís/MA;2111300;21016;São Luís;0;0;2;15;0;1,3613;0;SES;25/07/2020
14;29/03/2020;Brazil;MA;São Luís/MA;2111300;21016;São Luís;1;1;6;21;0,09075;1,90583;0,04762;SES;25/07/2020
14;30/03/2020;Brazil;MA;São Luís/MA;2111300;21016;São Luís;0;1;9;30;0,09075;2,72261;0,03333;SES;25/07/2020
14;31/03/2020;Brazil;MA;São Luís/MA;2111300;21016;São Luís;0;1;21;51;0,09075;4,62844;0,01961;SES;25/07/2020
14;01/04/2020;Brazil;MA;São Luís/MA;2111300;21016;São Luís;0;1;17;68;0,09075;6,17125;0,01471;SES;25/07/2020
14;02/04/2020;Brazil;MA;São Luís/MA;2111300;21016;São Luís;0;1;10;78;0,09075;7,07879;0,01282;SES;25/07/2020
14;03/04/2020;Brazil;MA;São Luís/MA;2111300;21016;São Luís;0;1;4;82;0,09075;7,4418;0,0122;SES;25/07/2020
14;04/04/2020;Brazil;MA;São Luís/MA;2111300;21016;São Luís;1;2;4;86;0,18151;7,80481;0,02326;SES;25/07/2020
15;05/04/2020;Brazil;MA;São Luís/MA;2111300;21016;São Luís;0;2;35;121;0,18151;10,98119;0,01653;SES;25/07/2020
15;06/04/2020;Brazil;MA;São Luís/MA;2111300;21016;São Luís;2;4;31;152;0,36301;13,79456;0,02632;SES;25/07/2020
15;07/04/2020;Brazil;MA;São Luís/MA;2111300;21016;São Luís;7;11;51;203;0,99829;18,42299;0,05419;SES;25/07/2020
15;08/04/2020;Brazil;MA;São Luís/MA;2111300;21016;São Luís;0;11;25;228;0,99829;20,69183;0,04825;SES;25/07/2020
15;09/04/2020;Brazil;MA;São Luís/MA;2111300;21016;São Luís;3;14;19;247;1,27055;22,41615;0,05668;SES;25/07/2020
15;10/04/2020;Brazil;MA;São Luís/MA;2111300;21016;São Luís;5;19;41;288;1,72432;26,13705;0,06597;SES;25/07/2020
15;11/04/2020;Brazil;MA;São Luís/MA;2111300;21016;São Luís;3;22;45;333;1,99658;30,22097;0,06607;SES;25/07/2020
16;12/04/2020;Brazil;MA;São Luís/MA;2111300;21016;São Luís;3;25;36;369;2,26884;33,4881;0,06775;SES;25/07/2020
16;13/04/2020;Brazil;MA;São Luís/MA;2111300;21016;São Luís;5;30;23;392;2,72261;35,57543;0,07653;SES;25/07/2020
16;14/04/2020;Brazil;MA;São Luís/MA;2111300;21016;São Luís;2;32;141;533;2,90412;48,3717;0,06004;SES;25/07/2020
16;15/04/2020;Brazil;MA;São Luís/MA;2111300;21016;São Luís;2;34;49;582;3,08562;52,81863;0,05842;SES;25/07/2020
16;16/04/2020;Brazil;MA;São Luís/MA;2111300;21016;São Luís;1;35;82;664;3,17638;60,26043;0,05271;SES;25/07/2020
16;17/04/2020;Brazil;MA;São Luís/MA;2111300;21016;São Luís;3;38;198;862;3,44864;78,22965;0,04408;SES;25/07/2020
16;18/04/2020;Brazil;MA;São Luís/MA;2111300;21016;São Luís;2;40;128;990;3,63015;89,84612;0,0404;SES;25/07/2020
17;19/04/2020;Brazil;MA;São Luís/MA;2111300;21016;São Luís;3;43;85;1075;3,90241;97,56018;0,04;SES;25/07/2020
17;20/04/2020;Brazil;MA;São Luís/MA;2111300;21016;São Luís;4;47;57;1132;4,26542;102,73314;0,04152;SES;25/07/2020
17;21/04/2020;Brazil;MA;São Luís/MA;2111300;21016;São Luís;4;51;168;1300;4,62844;117,97975;0,03923;SES;25/07/2020
17;22/04/2020;Brazil;MA;São Luís/MA;2111300;21016;São Luís;10;61;117;1417;5,53597;128,59793;0,04305;SES;25/07/2020
17;23/04/2020;Brazil;MA;São Luís/MA;2111300;21016;São Luís;10;71;150;1567;6,44351;142,21098;0,04531;SES;25/07/2020
17;24/04/2020;Brazil;MA;São Luís/MA;2111300;21016;São Luís;10;81;101;1668;7,35105;151,3771;0,04856;SES;25/07/2020
17;25/04/2020;Brazil;MA;São Luís/MA;2111300;21016;São Luís;6;87;86;1754;7,89557;159,18191;0,0496;SES;25/07/2020
18;26/04/2020;Brazil;MA;São Luís/MA;2111300;21016;São Luís;11;98;140;1894;8,89386;171,88742;0,05174;SES;25/07/2020
18;27/04/2020;Brazil;MA;São Luís/MA;2111300;21016;São Luís;18;116;83;1977;10,52742;179,41998;0,05867;SES;25/07/2020
18;28/04/2020;Brazil;MA;São Luís/MA;2111300;21016;São Luís;20;136;172;2149;12,3425;195,0296;0,06329;SES;25/07/2020
18;29/04/2020;Brazil;MA;São Luís/MA;2111300;21016;São Luís;13;149;283;2432;13,52229;220,71289;0,06127;SES;25/07/2020
18;30/04/2020;Brazil;MA;São Luís/MA;2111300;21016;São Luís;16;165;239;2671;14,97435;242,40301;0,06177;SES;25/07/2020
18;01/05/2020;Brazil;MA;São Luís/MA;2111300;21016;São Luís;13;178;137;2808;16,15415;254,83626;0,06339;SES;25/07/2020
18;02/05/2020;Brazil;MA;São Luís/MA;2111300;21016;São Luís;8;186;91;2899;16,88018;263,09484;0,06416;SES;25/07/2020
19;03/05/2020;Brazil;MA;São Luís/MA;2111300;21016;São Luís;11;197;64;2963;17,87847;268,90308;0,06649;SES;25/07/2020
19;04/05/2020;Brazil;MA;São Luís/MA;2111300;21016;São Luís;16;213;125;3088;19,33053;280,24729;0,06898;SES;25/07/2020
19;05/05/2020;Brazil;MA;São Luís/MA;2111300;21016;São Luís;14;227;280;3368;20,60108;305,65831;0,0674;SES;25/07/2020
19;06/05/2020;Brazil;MA;São Luís/MA;2111300;21016;São Luís;11;238;163;3531;21,59937;320,45115;0,0674;SES;25/07/2020
19;07/05/2020;Brazil;MA;São Luís/MA;2111300;21016;São Luís;17;255;214;3745;23,14218;339,87244;0,06809;SES;25/07/2020
19;08/05/2020;Brazil;MA;São Luís/MA;2111300;21016;São Luís;16;271;263;4008;24,59424;363,74065;0,06761;SES;25/07/2020
19;09/05/2020;Brazil;MA;São Luís/MA;2111300;21016;São Luís;18;289;266;4274;26,22781;387,88112;0,06762;SES;25/07/2020
20;10/05/2020;Brazil;MA;São Luís/MA;2111300;21016;São Luís;14;303;342;4616;27,49836;418,91887;0,06564;SES;25/07/2020
20;11/05/2020;Brazil;MA;São Luís/MA;2111300;21016;São Luís;21;324;164;4780;29,40418;433,80247;0,06778;SES;25/07/2020
20;12/05/2020;Brazil;MA;São Luís/MA;2111300;21016;São Luís;8;332;137;4917;30,13021;446,23572;0,06752;SES;25/07/2020
20;13/05/2020;Brazil;MA;São Luís/MA;2111300;21016;São Luís;14;346;123;5040;31,40076;457,39842;0,06865;SES;25/07/2020
20;14/05/2020;Brazil;MA;São Luís/MA;2111300;21016;São Luís;17;363;335;5375;32,94358;487,80089;0,06753;SES;25/07/2020
20;15/05/2020;Brazil;MA;São Luís/MA;2111300;21016;São Luís;16;379;222;5597;34,39564;507,94821;0,06771;SES;25/07/2020
20;16/05/2020;Brazil;MA;São Luís/MA;2111300;21016;São Luís;15;394;233;5830;35,75694;529,09381;0,06758;SES;25/07/2020
21;17/05/2020;Brazil;MA;São Luís/MA;2111300;21016;São Luís;8;402;165;5995;36,48297;544,06816;0,06706;SES;25/07/2020
21;18/05/2020;Brazil;MA;São Luís/MA;2111300;21016;São Luís;12;414;253;6248;37,57201;567,02883;0,06626;SES;25/07/2020
21;19/05/2020;Brazil;MA;São Luís/MA;2111300;21016;São Luís;20;434;231;6479;39,38709;587,99293;0,06699;SES;25/07/2020
21;20/05/2020;Brazil;MA;São Luís/MA;2111300;21016;São Luís;14;448;160;6639;40,65764;602,51351;0,06748;SES;25/07/2020
21;21/05/2020;Brazil;MA;São Luís/MA;2111300;21016;São Luís;15;463;46;6685;42,01894;606,68818;0,06926;SES;25/07/2020
21;22/05/2020;Brazil;MA;São Luís/MA;2111300;21016;São Luís;12;475;429;7114;43,10799;645,6215;0,06677;SES;25/07/2020
21;23/05/2020;Brazil;MA;São Luís/MA;2111300;21016;São Luís;9;484;372;7486;43,92477;679,38186;0,06465;SES;25/07/2020
22;24/05/2020;Brazil;MA;São Luís/MA;2111300;21016;São Luís;6;490;431;7917;44,46929;718,49668;0,06189;SES;25/07/2020
22;25/05/2020;Brazil;MA;São Luís/MA;2111300;21016;São Luís;7;497;151;8068;45,10457;732,20049;0,0616;SES;25/07/2020
22;26/05/2020;Brazil;MA;São Luís/MA;2111300;21016;São Luís;12;509;285;8353;46,19361;758,06528;0,06094;SES;25/07/2020
22;27/05/2020;Brazil;MA;São Luís/MA;2111300;21016;São Luís;8;517;110;8463;46,91964;768,04818;0,06109;SES;25/07/2020
22;28/05/2020;Brazil;MA;São Luís/MA;2111300;21016;São Luís;2;519;237;8700;47,10115;789,5568;0,05966;SES;25/07/2020
22;29/05/2020;Brazil;MA;São Luís/MA;2111300;21016;São Luís;2;521;182;8882;47,28265;806,07396;0,05866;SES;25/07/2020
22;30/05/2020;Brazil;MA;São Luís/MA;2111300;21016;São Luís;3;524;259;9141;47,55492;829,57916;0,05732;SES;25/07/2020
23;31/05/2020;Brazil;MA;São Luís/MA;2111300;21016;São Luís;2;526;114;9255;47,73642;839,92507;0,05683;SES;25/07/2020
23;01/06/2020;Brazil;MA;São Luís/MA;2111300;21016;São Luís;2;528;192;9447;47,91793;857,34978;0,05589;SES;25/07/2020
23;02/06/2020;Brazil;MA;São Luís/MA;2111300;21016;São Luís;7;535;143;9590;48,55321;870,32755;0,05579;SES;25/07/2020
23;03/06/2020;Brazil;MA;São Luís/MA;2111300;21016;São Luís;3;538;327;9917;48,82547;900,00399;0,05425;SES;25/07/2020
23;04/06/2020;Brazil;MA;São Luís/MA;2111300;21016;São Luís;6;544;18;9935;49,36999;901,63756;0,05476;SES;25/07/2020
23;05/06/2020;Brazil;MA;São Luís/MA;2111300;21016;São Luís;5;549;135;10070;49,82376;913,8893;0,05452;SES;25/07/2020
23;06/06/2020;Brazil;MA;São Luís/MA;2111300;21016;São Luís;8;557;424;10494;50,54979;952,36885;0,05308;SES;25/07/2020
24;07/06/2020;Brazil;MA;São Luís/MA;2111300;21016;São Luís;11;568;119;10613;51,54808;963,16854;0,05352;SES;25/07/2020
24;08/06/2020;Brazil;MA;São Luís/MA;2111300;21016;São Luís;9;577;142;10755;52,36486;976,05556;0,05365;SES;25/07/2020
24;09/06/2020;Brazil;MA;São Luís/MA;2111300;21016;São Luís;9;586;274;11029;53,18164;1000,92206;0,05313;SES;25/07/2020
24;10/06/2020;Brazil;MA;São Luís/MA;2111300;21016;São Luís;2;588;256;11285;53,36315;1024,15499;0,0521;SES;25/07/2020
24;11/06/2020;Brazil;MA;São Luís/MA;2111300;21016;São Luís;11;599;312;11597;54,36144;1052,47013;0,05165;SES;25/07/2020
24;12/06/2020;Brazil;MA;São Luís/MA;2111300;21016;São Luís;9;608;103;11700;55,17822;1061,81776;0,05197;SES;25/07/2020
24;13/06/2020;Brazil;MA;São Luís/MA;2111300;21016;São Luís;13;621;132;11832;56,35802;1073,79724;0,05248;SES;25/07/2020
25;14/06/2020;Brazil;MA;São Luís/MA;2111300;21016;São Luís;8;629;131;11963;57,08405;1085,68597;0,05258;SES;25/07/2020
25;15/06/2020;Brazil;MA;São Luís/MA;2111300;21016;São Luís;13;642;77;12040;58,26385;1092,674;0,05332;SES;25/07/2020
25;16/06/2020;Brazil;MA;São Luís/MA;2111300;21016;São Luís;12;654;55;12095;59,35289;1097,66545;0,05407;SES;25/07/2020
25;17/06/2020;Brazil;MA;São Luís/MA;2111300;21016;São Luís;13;667;181;12276;60,53269;1114,09186;0,05433;SES;25/07/2020
25;18/06/2020;Brazil;MA;São Luís/MA;2111300;21016;São Luís;13;680;108;12384;61,71249;1123,89326;0,05491;SES;25/07/2020
25;19/06/2020;Brazil;MA;São Luís/MA;2111300;21016;São Luís;13;693;25;12409;62,89228;1126,1621;0,05585;SES;25/07/2020
25;20/06/2020;Brazil;MA;São Luís/MA;2111300;21016;São Luís;12;705;114;12523;63,98133;1136,50802;0,0563;SES;25/07/2020
26;21/06/2020;Brazil;MA;São Luís/MA;2111300;21016;São Luís;10;715;23;12546;64,88886;1138,59535;0,05699;SES;25/07/2020
26;22/06/2020;Brazil;MA;São Luís/MA;2111300;21016;São Luís;9;724;21;12567;65,70565;1140,50118;0,05761;SES;25/07/2020
26;23/06/2020;Brazil;MA;São Luís/MA;2111300;21016;São Luís;10;734;10;12577;66,61318;1141,40871;0,05836;SES;25/07/2020
26;24/06/2020;Brazil;MA;São Luís/MA;2111300;21016;São Luís;11;745;58;12635;67,61147;1146,67243;0,05896;SES;25/07/2020
26;25/06/2020;Brazil;MA;São Luís/MA;2111300;21016;São Luís;11;756;58;12693;68,60976;1151,93614;0,05956;SES;25/07/2020
26;26/06/2020;Brazil;MA;São Luís/MA;2111300;21016;São Luís;15;771;62;12755;69,97107;1157,56287;0,06045;SES;25/07/2020
26;27/06/2020;Brazil;MA;São Luís/MA;2111300;21016;São Luís;17;788;61;12816;71,51388;1163,09884;0,06149;SES;25/07/2020
27;28/06/2020;Brazil;MA;São Luís/MA;2111300;21016;São Luís;15;803;55;12871;72,87518;1168,09029;0,06239;SES;25/07/2020
27;29/06/2020;Brazil;MA;São Luís/MA;2111300;21016;São Luís;10;813;67;12938;73,78272;1174,17078;0,06284;SES;25/07/2020
27;30/06/2020;Brazil;MA;São Luís/MA;2111300;21016;São Luís;12;825;112;13050;74,87177;1184,33519;0,06322;SES;25/07/2020
27;01/07/2020;Brazil;MA;São Luís/MA;2111300;21016;São Luís;9;834;94;13144;75,68855;1192,86604;0,06345;SES;25/07/2020
27;02/07/2020;Brazil;MA;São Luís/MA;2111300;21016;São Luís;8;842;101;13245;76,41458;1202,03216;0,06357;SES;25/07/2020
27;03/07/2020;Brazil;MA;São Luís/MA;2111300;21016;São Luís;7;849;75;13320;77,04985;1208,83868;0,06374;SES;25/07/2020
27;04/07/2020;Brazil;MA;São Luís/MA;2111300;21016;São Luís;13;862;151;13471;78,22965;1222,54248;0,06399;SES;25/07/2020
28;05/07/2020;Brazil;MA;São Luís/MA;2111300;21016;São Luís;14;876;126;13597;79,5002;1233,97744;0,06443;SES;25/07/2020
28;06/07/2020;Brazil;MA;São Luís/MA;2111300;21016;São Luís;15;891;109;13706;80,86151;1243,86959;0,06501;SES;25/07/2020
28;07/07/2020;Brazil;MA;São Luís/MA;2111300;21016;São Luís;12;903;133;13839;81,95055;1255,93983;0,06525;SES;25/07/2020
28;08/07/2020;Brazil;MA;São Luís/MA;2111300;21016;São Luís;15;918;112;13951;83,31185;1266,10424;0,0658;SES;25/07/2020
28;09/07/2020;Brazil;MA;São Luís/MA;2111300;21016;São Luís;9;927;101;14052;84,12864;1275,27036;0,06597;SES;25/07/2020
28;10/07/2020;Brazil;MA;São Luís/MA;2111300;21016;São Luís;13;940;107;14159;85,30844;1284,981;0,06639;SES;25/07/2020
28;11/07/2020;Brazil;MA;São Luís/MA;2111300;21016;São Luís;10;950;102;14261;86,21597;1294,23787;0,06662;SES;25/07/2020
29;12/07/2020;Brazil;MA;São Luís/MA;2111300;21016;São Luís;14;964;75;14336;87,48652;1301,04439;0,06724;SES;25/07/2020
29;13/07/2020;Brazil;MA;São Luís/MA;2111300;21016;São Luís;16;980;101;14437;88,93858;1310,21051;0,06788;SES;25/07/2020
29;14/07/2020;Brazil;MA;São Luís/MA;2111300;21016;São Luís;16;996;75;14512;90,39064;1317,01704;0,06863;SES;25/07/2020
29;15/07/2020;Brazil;MA;São Luís/MA;2111300;21016;São Luís;14;1010;121;14633;91,66119;1327,99823;0,06902;SES;25/07/2020
29;16/07/2020;Brazil;MA;São Luís/MA;2111300;21016;São Luís;16;1026;101;14734;93,11325;1337,16435;0,06963;SES;25/07/2020
29;17/07/2020;Brazil;MA;São Luís/MA;2111300;21016;São Luís;10;1036;75;14809;94,02079;1343,97087;0,06996;SES;25/07/2020
29;18/07/2020;Brazil;MA;São Luís/MA;2111300;21016;São Luís;11;1047;89;14898;95,01908;1352,04795;0,07028;SES;25/07/2020
30;19/07/2020;Brazil;MA;São Luís/MA;2111300;21016;São Luís;12;1059;95;14993;96,10812;1360,66954;0,07063;SES;25/07/2020
30;20/07/2020;Brazil;MA;São Luís/MA;2111300;21016;São Luís;12;1071;105;15098;97,19716;1370,19868;0,07094;SES;25/07/2020
30;21/07/2020;Brazil;MA;São Luís/MA;2111300;21016;São Luís;13;1084;76;15174;98,37696;1377,09596;0,07144;SES;25/07/2020
30;22/07/2020;Brazil;MA;São Luís/MA;2111300;21016;São Luís;2;1086;105;15279;98,55847;1386,62509;0,07108;SES;25/07/2020
30;23/07/2020;Brazil;MA;São Luís/MA;2111300;21016;São Luís;9;1095;111;15390;99,37525;1396,69875;0,07115;SES;25/07/2020
30;24/07/2020;Brazil;MA;São Luís/MA;2111300;21016;São Luís;8;1103;103;15493;100,10128;1406,04637;0,07119;SES;25/07/2020
30;25/07/2020;Brazil;MA;São Luís/MA;2111300;21016;São Luís;7;1110;77;15570;100,73656;1413,0344;0,07129;SES;25/07/2020
31;26/07/2020;Brazil;MA;São Luís/MA;2111300;21016;São Luís;0;1110;0;15570;100,73656;1413,0344;0,07129;SES;25/07/2020
