,date,country,state,city,ibgeID,newDeaths,deaths,newCases,totalCases,deaths_per_100k_inhabitants,totalCases_per_100k_inhabitants,deaths_by_totalCases,_source,cCFR,cum_subn,newCases_regression,real_newCases,Re,Re_ub,Re_lb
0,2020-03-20,Brazil,MA,São Luís/MA,2111300,0,0,1,1,0.0,0.09075,0.0,SES,0.026983491092575324,0.24348220834211393,1.2122574644137354,0,0.0,0.0,0.0
1,2020-03-21,Brazil,MA,São Luís/MA,2111300,0,0,1,2,0.0,0.18151,0.0,SES,0.026983491092575324,0.24348220834211393,1.5266430741016281,12,0.0,0.0,0.0
2,2020-03-22,Brazil,MA,São Luís/MA,2111300,0,0,0,2,0.0,0.18151,0.0,SES,0.026983491092575324,0.24348220834211393,1.909710503848986,3,0.0,0.0,0.0
3,2020-03-23,Brazil,MA,São Luís/MA,2111300,0,0,6,8,0.0,0.7260300000000001,0.0,SES,0.026983491092575324,0.24348220834211393,2.373156782537625,15,0.0,0.0,0.0
4,2020-03-24,Brazil,MA,São Luís/MA,2111300,0,0,0,8,0.0,0.7260300000000001,0.0,SES,0.026983491092575324,0.24348220834211393,2.92991946207188,13,0.0,0.0,0.0
5,2020-03-25,Brazil,MA,São Luís/MA,2111300,0,0,0,8,0.0,0.7260300000000001,0.0,SES,0.026983491092575324,0.24348220834211393,3.5941548225416513,16,0.0,0.0,0.0
6,2020-03-26,Brazil,MA,São Luís/MA,2111300,0,0,2,10,0.0,0.90754,0.0,SES,0.026983491092575324,0.24348220834211393,4.38118119245346,20,0.0,0.0,0.0
7,2020-03-27,Brazil,MA,São Luís/MA,2111300,0,0,3,13,0.0,1.1798,0.0,SES,0.026983491092575324,0.24348220834211393,5.307383532200857,21,0.0,0.0,0.0
8,2020-03-28,Brazil,MA,São Luís/MA,2111300,0,0,2,15,0.0,1.3613,0.0,SES,0.026983491092575324,0.24348220834211393,6.390076294718021,16,0.0,0.0,0.0
9,2020-03-29,Brazil,MA,São Luís/MA,2111300,1,1,6,21,0.09075,1.90583,0.047619999999999996,SES,0.026983491092575324,0.24348220834211393,7.647322688269425,34,0.0,0.0,0.0
10,2020-03-30,Brazil,MA,São Luís/MA,2111300,0,1,9,30,0.09075,2.72261,0.03333,SES,0.026983491092575324,0.24348220834211393,9.097709798557995,29,0.0,0.0,0.0
11,2020-03-31,Brazil,MA,São Luís/MA,2111300,0,1,21,51,0.09075,4.62844,0.01961,SES,0.026983491092575324,0.24348220834211393,10.760080542049039,41,0.0,0.0,0.0
12,2020-04-01,Brazil,MA,São Luís/MA,2111300,0,1,17,68,0.09075,6.17125,0.014709999999999999,SES,0.026983491092575324,0.24348220834211393,12.65322506704232,41,0.0,0.0,0.0
13,2020-04-02,Brazil,MA,São Luís/MA,2111300,0,1,10,78,0.09075,7.07879,0.012819999999999998,SES,0.026983491092575324,0.24348220834211393,14.795535929070029,52,2.4472573118422534,2.6949159867049373,2.1865008633540874
14,2020-04-03,Brazil,MA,São Luís/MA,2111300,0,1,4,82,0.09075,7.4418,0.0122,SES,0.026983491092575324,0.24348220834211393,17.20463306901394,64,2.3396431909962185,2.5901375323188938,2.101957694843686
15,2020-04-04,Brazil,MA,São Luís/MA,2111300,1,2,4,86,0.18151,7.804810000000001,0.02326,SES,0.026983491092575324,0.24348220834211393,19.89696623676027,74,2.2994683533184705,2.5320017070208323,2.0906017386419546
16,2020-04-05,Brazil,MA,São Luís/MA,2111300,0,2,35,121,0.18151,10.98119,0.01653,SES,0.026983491092575324,0.24348220834211393,22.88740394976695,80,2.192999873272177,2.3878207190426175,2.0212745060500836
17,2020-04-06,Brazil,MA,São Luís/MA,2111300,2,4,31,152,0.36301,13.79456,0.02632,SES,0.026983491092575324,0.24348220834211393,26.188819277325376,94,2.129747343457914,2.3193030538922637,1.9703978870945482
18,2020-04-07,Brazil,MA,São Luís/MA,2111300,7,11,51,203,0.99829,18.42299,0.054189999999999995,SES,0.02785290763583066,0.2358820158347918,29.811683628040566,144,2.188873656691128,2.367534539144546,2.037681464238373
19,2020-04-08,Brazil,MA,São Luís/MA,2111300,0,11,25,228,0.99829,20.69183,0.04825,SES,0.0294024789354911,0.22345054695607636,33.76368023263562,177,2.2642936687802186,2.414259719014372,2.098812716893488
20,2020-04-09,Brazil,MA,São Luís/MA,2111300,3,14,19,247,1.27055,22.41615,0.056679999999999994,SES,0.031504566301212324,0.20854119803411422,38.0493491148415,256,2.4541969101743364,2.600731701366449,2.309479460584738
21,2020-04-10,Brazil,MA,São Luís/MA,2111300,5,19,41,288,1.72432,26.13705,0.06597,SES,0.03319607877403285,0.19791494184365196,42.66977500665881,291,2.601553151803344,2.750676282394868,2.451738848821783
22,2020-04-11,Brazil,MA,São Luís/MA,2111300,3,22,45,333,1.99658,30.22097,0.06607,SES,0.03599671318786747,0.18251666383291876,47.62232888784404,343,2.665927381529471,2.7938587691410888,2.550267314055523
23,2020-04-12,Brazil,MA,São Luís/MA,2111300,3,25,36,369,2.26884,33.4881,0.06775,SES,0.03700904569768567,0.17752416675825958,52.90047263124392,328,2.5761364574745604,2.6792099283884254,2.476406386521807
24,2020-04-13,Brazil,MA,São Luís/MA,2111300,5,30,23,392,2.72261,35.57543,0.07653,SES,0.03719770280740371,0.17662381018572815,58.49363465410941,318,2.3730263708206523,2.482462747725336,2.267526725355924
25,2020-04-14,Brazil,MA,São Luís/MA,2111300,2,32,141,533,2.9041200000000003,48.3717,0.060039999999999996,SES,0.038686640149115416,0.16982606850003815,64.38716256789426,481,2.28466920900682,2.3789891258666573,2.1968901732370787
26,2020-04-15,Brazil,MA,São Luís/MA,2111300,2,34,49,582,3.08562,52.818630000000006,0.05842000000000001,SES,0.04028528323659802,0.1630868513797948,70.56235665809221,577,2.2326905237888175,2.3122458478448618,2.1540875535001938
27,2020-04-16,Brazil,MA,São Luís/MA,2111300,1,35,82,664,3.17638,60.26043000000001,0.05271,SES,0.04198858255855269,0.1564711071358076,76.99658569615976,632,2.1937357394953487,2.262103403023621,2.1256239963762993
28,2020-04-17,Brazil,MA,São Luís/MA,2111300,3,38,198,862,3.44864,78.22965,0.04408,SES,0.04310491949315208,0.15241879760484767,83.66348417983296,625,2.128288606167206,2.188528565545745,2.0693203278990406
29,2020-04-18,Brazil,MA,São Luís/MA,2111300,2,40,128,990,3.63015,89.84612,0.0404,SES,0.043179727139496325,0.15215473638300153,90.53322771131224,649,2.0379430945888903,2.09338571471996,1.9869832002501129
30,2020-04-19,Brazil,MA,São Luís/MA,2111300,3,43,85,1075,3.9024099999999997,97.56018,0.04,SES,0.04534483481130644,0.14488971075404192,97.57288094804498,972,2.0334871938823595,2.085137279866322,1.9815518738098679
31,2020-04-20,Brazil,MA,São Luís/MA,2111300,4,47,57,1132,4.26542,102.73314,0.04152,SES,0.04637209536300401,0.14168003297175985,104.7468104848292,908,1.964927779702304,2.0124733690775485,1.9191592403456093
32,2020-04-21,Brazil,MA,São Luís/MA,2111300,4,51,168,1300,4.62844,117.97975,0.03923,SES,0.04803331610044938,0.13678006295173392,112.01715322481488,1054,1.9157208075910475,1.9620799975367123,1.8765923984029211
33,2020-04-22,Brazil,MA,São Luís/MA,2111300,10,61,117,1417,5.53597,128.59793,0.04305,SES,0.049390159817459055,0.1330224486877962,119.34432933291224,1116,1.8491165791513324,1.8915462238082068,1.8046031367816142
34,2020-04-23,Brazil,MA,São Luís/MA,2111300,10,71,150,1567,6.44351,142.21098,0.04531,SES,0.05089043450460677,0.12910088239480963,126.68758778402066,1373,1.8176936066274785,1.8527005505491942,1.78248104136121
35,2020-04-24,Brazil,MA,São Luís/MA,2111300,10,81,101,1668,7.35105,151.3771,0.04856,SES,0.05151856105703588,0.1275268537241635,134.00557184850055,1194,1.731892471743018,1.767101912866578,1.6949980831037526
36,2020-04-25,Brazil,MA,São Luís/MA,2111300,6,87,86,1754,7.895569999999999,159.18191000000002,0.0496,SES,0.05257952150738815,0.12495359051673424,141.2568916082488,1389,1.6803969032068267,1.7101257026830183,1.6491245370671015
37,2020-04-26,Brazil,MA,São Luís/MA,2111300,11,98,140,1894,8.89386,171.88742,0.051739999999999994,SES,0.05390176453442888,0.12188840303740926,148.40069076070955,1651,1.6650181568665696,1.6950635745389553,1.6378566967646042
38,2020-04-27,Brazil,MA,São Luís/MA,2111300,18,116,83,1977,10.52742,179.41998,0.05867000000000001,SES,0.054498571136517335,0.12055361935164027,155.39719552083753,1501,1.6058021343989912,1.631633484719337,1.577564184658356
39,2020-04-28,Brazil,MA,São Luís/MA,2111300,20,136,172,2149,12.3425,195.0296,0.06329,SES,0.05467756998165733,0.12015896101827563,162.20823433385112,1382,1.528473753095926,1.5545087298045024,1.5044087954489287
40,2020-04-29,Brazil,MA,São Luís/MA,2111300,13,149,283,2432,13.52229,220.71289,0.061270000000000005,SES,0.055536343340097084,0.11830091080657229,168.79771831432862,1697,1.4814634452975917,1.5053147653223995,1.4580138271296552
41,2020-04-30,Brazil,MA,São Luís/MA,2111300,16,165,239,2671,14.97435,242.40301000000002,0.061770000000000005,SES,0.0568164043580649,0.11563561746348722,175.13207377102344,1979,1.460952603846341,1.4839909548520833,1.4366721436826015
42,2020-05-01,Brazil,MA,São Luís/MA,2111300,13,178,137,2808,16.15415,254.83626,0.06339,SES,0.057751290689846996,0.11376369119236054,181.18061979750794,1974,1.4430421619763119,1.4632242109922382,1.4223290554136558
43,2020-05-02,Brazil,MA,São Luís/MA,2111300,8,186,91,2899,16.88018,263.09484,0.06416000000000001,SES,0.059602733263996004,0.1102298441734167,186.91588564004,2453,1.4428869416523744,1.4625295999986574,1.4232863862370337
44,2020-05-03,Brazil,MA,São Luís/MA,2111300,11,197,64,2963,17.87847,268.90308,0.06649,SES,0.061189072108248074,0.10737211357572436,192.31386433037227,2506,1.4481899345295381,1.4661707394505359,1.4305130023927486
45,2020-05-04,Brazil,MA,São Luís/MA,2111300,16,213,125,3088,19.33053,280.24728999999996,0.06898,SES,0.06189350190720721,0.10615007710906328,197.35420083063582,2202,1.413927220474321,1.4323670017091419,1.395658137417878
46,2020-05-05,Brazil,MA,São Luís/MA,2111300,14,227,280,3368,20.60108,305.65831000000003,0.0674,SES,0.06199307376069843,0.10597958128937243,202.02031462377772,1930,1.3576224407304613,1.3739550162460783,1.3402574663701312
47,2020-05-06,Brazil,MA,São Luís/MA,2111300,11,238,163,3531,21.59937,320.45115,0.0674,SES,0.0625981183603412,0.1049552314365155,206.2994582478203,2255,1.3056943194894814,1.321126502770599,1.2882821831295457
48,2020-05-07,Brazil,MA,São Luís/MA,2111300,17,255,214,3745,23.14218,339.87244,0.06809,SES,0.06322616361908576,0.10391267829536234,210.18271467576793,2364,1.2739276174613507,1.2901385683383206,1.2584810540093836
49,2020-05-08,Brazil,MA,São Luís/MA,2111300,16,271,263,4008,24.59424,363.74065,0.06761,SES,0.0638845688810503,0.1028417365112535,213.66493765524154,2437,1.2461831273038406,1.2607510251638319,1.2320431025026266
50,2020-05-09,Brazil,MA,São Luís/MA,2111300,18,289,266,4274,26.227809999999998,387.88112,0.06762,SES,0.06386423561288863,0.10287447954163079,216.7446401225776,2106,1.2032773313179368,1.2174348495371263,1.1899338383459512
51,2020-05-10,Brazil,MA,São Luís/MA,2111300,14,303,342,4616,27.498359999999998,418.91887,0.06564,SES,0.06388049310147455,0.10284829814265077,219.4238365844181,2165,1.1781711787237177,1.1921326582422367,1.1630249650209497
52,2020-05-11,Brazil,MA,São Luís/MA,2111300,21,324,164,4780,29.40418,433.80247,0.06777999999999999,SES,0.06381360227107177,0.10295610600529188,221.7078459139068,2098,1.1583300789985018,1.1728581792771644,1.1449932309049988
53,2020-05-12,Brazil,MA,São Luís/MA,2111300,8,332,137,4917,30.130209999999998,446.23572,0.06752000000000001,SES,0.06368122392028708,0.1031701276379988,223.60506134453118,2054,1.128483021301745,1.141988685207287,1.115179411026065
54,2020-05-13,Brazil,MA,São Luís/MA,2111300,14,346,123,5040,31.40076,457.39842000000004,0.06865,SES,0.0637256325698259,0.10309823119921287,225.12669457536174,2285,1.104679373439555,1.1167217609461162,1.0915617650560527
55,2020-05-14,Brazil,MA,São Luís/MA,2111300,17,363,335,5375,32.94358,487.80089000000004,0.06752999999999999,SES,0.06359202425869036,0.10331484296322203,226.28650084521112,2112,1.0797432989669087,1.0930461871137078,1.0678804413867848
56,2020-05-15,Brazil,MA,São Luís/MA,2111300,16,379,222,5597,34.39564,507.94820999999996,0.06771,SES,0.06360713776375726,0.103290294627021,227.10049161259207,2292,1.0489813636656362,1.0605833461613732,1.0383565238523904
57,2020-05-16,Brazil,MA,São Luís/MA,2111300,15,394,233,5830,35.75694,529.09381,0.06758,SES,0.06365361540169091,0.10321487567578876,227.58664111849723,2306,1.0216061914864503,1.033131501950932,1.010913491626291
58,2020-05-17,Brazil,MA,São Luís/MA,2111300,8,402,165,5995,36.48297,544.0681599999999,0.06706000000000001,SES,0.0640680410357559,0.10254722781883298,227.76459263666507,2609,1.0212522994436664,1.0323755055967418,1.009375503752029
59,2020-05-18,Brazil,MA,São Luís/MA,2111300,12,414,253,6248,37.57201,567.02883,0.06626,SES,0.0642661635458559,0.10223109078717763,227.65536965815858,2469,1.0316123441487912,1.0427899138243972,1.0184962789192256
60,2020-05-19,Brazil,MA,São Luís/MA,2111300,20,434,231,6479,39.38709,587.99293,0.06699,SES,0.06447718117896131,0.10189651408246998,227.28109664012567,2444,1.0352149620673536,1.0475378509527822,1.023534818767511
61,2020-05-20,Brazil,MA,São Luís/MA,2111300,14,448,160,6639,40.65764,602.51351,0.06748,SES,0.06492783084473984,0.10118927299004742,226.6647332973383,2593,1.0402662173557398,1.0508955581745762,1.027920123877971
62,2020-05-21,Brazil,MA,São Luís/MA,2111300,15,463,46,6685,42.01894,606.68818,0.06926,SES,0.06516339846219116,0.1008234707680573,225.82982575217372,2477,1.0369668937273633,1.04864054330353,1.025218867923504
63,2020-05-22,Brazil,MA,São Luís/MA,2111300,12,475,429,7114,43.10799,645.6215,0.06677000000000001,SES,0.06507238484178601,0.10096448771585664,224.80027720416615,2185,1.030594506893594,1.0412145143630704,1.0200332677404
64,2020-05-23,Brazil,MA,São Luís/MA,2111300,9,484,372,7486,43.92477,679.38186,0.06465,SES,0.06578632101102781,0.0998687857753691,223.6001401511759,3004,1.0497603091731476,1.0607081561157905,1.037431573059601
65,2020-05-24,Brazil,MA,São Luís/MA,2111300,6,490,431,7917,44.46929,718.49668,0.06189,SES,0.06595272333764346,0.09961681136903226,222.2534316047037,2367,1.0506072457693945,1.0611952892133478,1.0393900471013806
66,2020-05-25,Brazil,MA,São Luís/MA,2111300,7,497,151,8068,45.10457,732.2004900000001,0.0616,SES,0.06590555239459014,0.09968811065665688,220.78397220290333,2059,1.0439313695195633,1.0548231332573348,1.0325860795139128
67,2020-05-26,Brazil,MA,São Luís/MA,2111300,12,509,285,8353,46.19361,758.06528,0.06094,SES,0.06597752730938143,0.09957936085103637,219.2152496445436,2247,1.033870558289428,1.0448509189348019,1.0219732056975832
68,2020-05-27,Brazil,MA,São Luís/MA,2111300,8,517,110,8463,46.91964,768.04818,0.06109,SES,0.06593997034466875,0.0996360775665891,217.5703064509062,2222,1.0269286809653202,1.0387563257465322,1.0155009780040576
69,2020-05-28,Brazil,MA,São Luís/MA,2111300,2,519,237,8700,47.10115,789.5568,0.059660000000000005,SES,0.06590704221313325,0.09968585722226207,215.87165171342696,1985,1.0070962545084714,1.0185575117872885,0.9948003678233353
70,2020-05-29,Brazil,MA,São Luís/MA,2111300,2,521,182,8882,47.28265,806.0739599999999,0.058660000000000004,SES,0.06588132885200608,0.09972476442845679,214.1411962036272,2130,0.9939527224976834,1.0046691127073824,0.9829478327740886
71,2020-05-30,Brazil,MA,São Luís/MA,2111300,3,524,259,9141,47.55492,829.57916,0.05732,SES,0.06586364836632608,0.09975153461676481,212.4002100077826,2069,0.9730890531733478,0.9847055024000575,0.9628512048969851
72,2020-05-31,Brazil,MA,São Luís/MA,2111300,2,526,114,9255,47.73642,839.9250699999999,0.05683,SES,0.06585213991248878,0.09976896739773232,210.66930169964346,2111,0.9606828707211645,0.9717374613147595,0.9507458545487708
73,2020-06-01,Brazil,MA,São Luís/MA,2111300,2,528,192,9447,47.91793,857.3497800000001,0.055889999999999995,SES,0.06595603150858029,0.09961181486708008,208.96841797717084,2255,0.9566083526620617,0.9674657990460094,0.9458057665091167
74,2020-06-02,Brazil,MA,São Luís/MA,2111300,7,535,143,9590,48.55321,870.32755,0.05579,SES,0.06594947981622513,0.09962171071414008,207.3168626599053,2046,0.9449614607222947,0.9554033818250532,0.9346988601832676
75,2020-06-03,Brazil,MA,São Luís/MA,2111300,3,538,327,9917,48.82547,900.00399,0.05425,SES,0.06594396395721369,0.09963004353609684,205.73333396810932,2015,0.938712345088521,0.9503313129884181,0.928492103818245
76,2020-06-04,Brazil,MA,São Luís/MA,2111300,6,544,18,9935,49.36999,901.63756,0.05476,SES,0.06593929246065412,0.09963710186790842,204.23597907905614,2139,0.9471335524229754,0.9574845560661529,0.9369286193699242
77,2020-06-05,Brazil,MA,São Luís/MA,2111300,5,549,135,10070,49.82376,913.8893,0.054520000000000006,SES,0.06593519726506757,0.09964329026859199,202.84246507592255,2028,0.9256423224077762,0.9360391744525853,0.9155447518767308
78,2020-06-06,Brazil,MA,São Luís/MA,2111300,8,557,424,10494,50.54979,952.36885,0.053079999999999995,SES,0.06593176422723032,0.09964847865069779,201.57006556727637,1984,0.9237159413980843,0.9346172557850438,0.9123574370288188
79,2020-06-07,Brazil,MA,São Luís/MA,2111300,11,568,119,10613,51.54808,963.16854,0.053520000000000005,SES,0.06592952565163034,0.09965186212192222,200.4357624574745,1999,0.934175572497865,0.9457518114348578,0.9232066023360459
80,2020-06-08,Brazil,MA,São Luís/MA,2111300,9,577,142,10755,52.36486,976.05556,0.05365,SES,0.06592848723586345,0.0996534317023747,199.4563625886582,2026,0.9396731528422334,0.9511315146160075,0.9276484794197204
81,2020-06-09,Brazil,MA,São Luís/MA,2111300,9,586,274,11029,53.18164,1000.92206,0.05313,SES,0.06592789396654933,0.0996543284597185,198.64862925285925,1946,0.9457339256464696,0.9571022733288077,0.9345875528370209
